relative_time_s,absolute_time_s,state_cost,control_cost,total_cost,x_err,y_err,z_err,roll_err,pitch_err,yaw_err,vx_err,vy_err,vz_err,u_roll_rate,u_pitch_rate,u_yaw_rate,u_thrust
0,1782832699,8.74338972,9.759206992,18.50259671,-1.003291,-0.011375,0.390221,-0.003467,-0.014415,0.815023,-0.003275,0.001905,0.021007,0,-0.002611,3.113322,-0.257733
0.01531910896,1782832699,8.746742452,9.680071937,18.42681439,-1.003035,-0.011218,0.390519,-0.00679,-0.013883,0.81582,0.002334,0.001375,0.016882,0,0.015748,3.100527,-0.257985
0.03047704697,1782832699,8.746742452,9.680071937,18.42681439,-1.003035,-0.011218,0.390519,-0.00679,-0.013883,0.81582,0.002334,0.001375,0.016882,0,0.015748,3.100527,-0.257985
0.04645609856,1782832699,8.745966131,9.354264781,18.10023091,-1.00266,-0.011097,0.390721,-0.007812,-0.009412,0.815646,0.018671,0.002014,0.035835,0,0.022876,3.047493,-0.25793
0.06063699722,1782832699,8.735652278,9.04704424,17.78269652,-1.002395,-0.010732,0.390215,-0.002215,-0.000583,0.81583,0.018671,0.002014,0.035835,0,-0.00811,2.996735,-0.257988
0.07496619225,1782832699,8.692511984,7.200095932,15.89260792,-1.000891,-0.009383,0.388529,-0.005599,0.048275,0.814599,0.046075,0.004756,0.019967,0,0.018629,2.670841,-0.257599
0.09463500977,1782832699,8.629642032,5.718843973,14.348486,-0.99898,-0.008179,0.386169,-0.004612,0.086531,0.809554,0.089699,-0.002077,-0.019705,0,0.00451,2.377664,-0.256003
0.1103420258,1782832699,8.604361124,5.189917605,13.79427873,-0.99824,-0.007533,0.385048,-0.001485,0.106299,0.80898,0.089699,-0.002077,-0.019705,0,-0.011813,2.263699,-0.255822
0.1284770966,1782832699,8.526924806,4.123735928,12.65066073,-0.99625,-0.005636,0.381471,-0.002541,0.143042,0.806156,0.111563,-0.000506,-0.078377,0,0.001004,2.014633,-0.254929
0.1439750195,1782832699,8.476391018,3.564106219,12.04049724,-0.994867,-0.004874,0.379238,-0.001451,0.157978,0.80289,0.145708,-0.00691,-0.13361,0,-0.013987,1.870681,-0.253896
0.158613205,1782832699,8.431271265,2.877921387,11.30919265,-0.993708,-0.003764,0.376624,-0.002728,0.175481,0.803331,0.201398,-0.000709,-0.212903,0,0.005919,1.677305,-0.254036
0.1737091541,1782832699,8.301671582,2.373088368,10.67475995,-0.991053,-0.001401,0.37002,-0.003083,0.202208,0.799848,0.201398,-0.000709,-0.212903,0,0.01322,1.519519,-0.252934
0.1887412071,1782832699,8.238613152,2.004763468,10.24337662,-0.989654,0.000201,0.366221,0.003788,0.214108,0.801473,0.235621,-0.007019,-0.258458,0,-0.032587,1.392647,-0.253448
0.2057271004,1782832699,8.079519508,1.344836927,9.424356436,-0.98619,0.003367,0.357135,0.001493,0.236708,0.799329,0.311708,-0.007526,-0.338365,0,-0.013294,1.13171,-0.25277
0.2214701176,1782832699,7.986015518,1.08765287,9.073668388,-0.984239,0.004908,0.351713,-0.001538,0.247895,0.795641,0.343323,-0.000878,-0.415273,0,0.018271,1.011936,-0.251604
0.2358720303,1782832699,7.898936185,0.7372314584,8.636167643,-0.982268,0.006892,0.345963,6.5e-05,0.256733,0.794757,0.426424,-0.007558,-0.492131,0,0.002646,0.821012,-0.251324
0.2491509914,1782832699,7.789106563,0.672833743,8.461940305,-0.980163,0.008787,0.339648,-0.000617,0.262959,0.792833,0.426424,-0.007558,-0.492131,0,0.010759,0.780935,-0.250716
0.2654621601,1782832699,7.563437699,0.4531687177,8.016606417,-0.975542,0.013266,0.325508,-0.00101,0.277398,0.78977,0.472856,-0.0103,-0.558892,0.039245,0.018508,0.612414,-0.249747
0.2797551155,1782832699,7.448976591,0.3621768448,7.811153436,-0.972882,0.015325,0.317633,-0.005382,0.28378,0.785964,0.537771,-0.002208,-0.654028,0.090336,0.061225,0.463733,-0.248544
0.2948710918,1782832699,7.182214712,0.3618201435,7.544034855,-0.96768,0.020575,0.300294,-0.004141,0.292049,0.783785,0.537771,-0.002208,-0.654028,0.114857,0.065913,0.40512,-0.247855
0.3089032173,1782832699,7.048717776,0.3863206435,7.435038419,-0.964627,0.023121,0.290552,-0.008268,0.294708,0.779875,0.604752,-0.004899,-0.718591,0.155748,0.090639,0.273332,-0.246618
0.3230202198,1782832700,6.93317129,0.5095176415,7.442688932,-0.961479,0.026074,0.281039,-0.002412,0.297946,0.78115,0.663265,-0.011113,-0.805151,0.205554,0.05378,0.151926,-0.247021
0.3371450901,1782832700,6.646721588,0.7440656816,7.390787269,-0.955042,0.032176,0.259277,-0.005566,0.296643,0.775224,0.726156,-0.006004,-0.860342,0.259507,0.093722,0.041785,-0.245147
0.3513491154,1782832700,6.646721588,0.7440656816,7.390787269,-0.955042,0.032176,0.259277,-0.005566,0.296643,0.775224,0.726156,-0.006004,-0.860342,0.259507,0.093722,0.041785,-0.245147
0.3690040112,1782832700,6.373398928,1.157547312,7.53094624,-0.947816,0.039119,0.236058,-0.006759,0.297889,0.775286,0.774645,-0.002172,-0.946305,0.328445,0.122313,-0.060982,-0.245167
0.3829100132,1782832700,6.094605254,1.573647519,7.668252773,-0.940296,0.046301,0.210951,-0.005749,0.289139,0.770893,0.844368,-0.011139,-0.995738,0.384711,0.117926,-0.142435,-0.243778
0.3963901997,1782832700,5.967012117,2.024717059,7.991729176,-0.936049,0.050122,0.197773,-0.004715,0.289288,0.767548,0.887428,0.000263,-1.072266,0.435487,0.139297,-0.223408,-0.24272
0.4170160294,1782832700,5.819766479,2.182374368,8.002140847,-0.931844,0.054234,0.184206,-0.006979,0.279167,0.763695,0.887428,0.000263,-1.072266,0.454674,0.161351,-0.175307,-0.241502
0.432418108,1782832700,5.417505152,2.669553375,8.087058527,-0.917549,0.067297,0.143018,-0.004901,0.266828,0.75702,0.925632,0.00227,-1.050788,0.503902,0.182049,-0.199828,-0.239391
0.4471781254,1782832700,5.427617553,2.72076871,8.148386263,-0.917549,0.067297,0.143018,-0.004901,0.266828,0.75702,0.975357,1.9e-05,-1.053925,0.50522,0.178357,-0.281384,-0.239391
0.4620170593,1782832700,5.307067871,2.733217631,8.040285502,-0.912458,0.072031,0.129573,-0.010015,0.261216,0.757188,1.010807,0.011796,-1.000451,0.501776,0.237312,-0.319023,-0.239444
0.4757070541,1782832700,5.074218943,2.820055274,7.894274218,-0.90094,0.082601,0.103179,-0.008677,0.249621,0.752264,1.052714,0.011091,-0.926008,0.50784,0.252191,-0.347635,-0.237887
0.4893381596,1782832700,5.074218943,2.820055274,7.894274218,-0.90094,0.082601,0.103179,-0.008677,0.249621,0.752264,1.052714,0.011091,-0.926008,0.50784,0.252191,-0.347635,-0.237887
0.5033130646,1782832700,4.773070185,2.775369459,7.548439644,-0.881973,0.100044,0.068227,-0.005153,0.227801,0.745438,1.074941,0.020737,-0.80052,0.50457,0.286996,-0.302533,-0.235728
0.5167331696,1782832700,4.668586107,2.400857749,7.069443855,-0.874769,0.106616,0.058,-0.008481,0.218643,0.740608,1.097167,0.02409,-0.66816,0.463446,0.326094,-0.303065,-0.234201
0.5305550098,1782832700,4.584111681,2.505925337,7.090037018,-0.867243,0.113151,0.048599,-0.005436,0.210291,0.736751,1.097167,0.02409,-0.66816,0.476742,0.323409,-0.272438,-0.232981
0.5454242229,1782832700,4.497860528,2.097873491,6.595734019,-0.859616,0.120374,0.040245,-0.003609,0.203253,0.734674,1.125691,0.033649,-0.525451,0.428624,0.344859,-0.296287,-0.232324
0.5590071678,1782832700,4.412744643,1.705195533,6.117940175,-0.851589,0.127223,0.032934,-0.00034,0.195118,0.730782,1.146311,0.038007,-0.383501,0.379349,0.348749,-0.301842,-0.231094
0.5735731125,1782832700,4.266980809,1.813653627,6.080634436,-0.834488,0.142401,0.021235,0.002548,0.178242,0.724768,1.146311,0.038007,-0.383501,0.395895,0.366282,-0.2442,-0.229192
0.5894470215,1782832700,4.191294083,1.422966159,5.614260242,-0.825497,0.150453,0.016825,0.003137,0.166844,0.721317,1.167347,0.043449,-0.238409,0.341199,0.389862,-0.234044,-0.2281
0.6041991711,1782832700,4.053771017,1.137518485,5.191289502,-0.807169,0.166218,0.010944,0.005314,0.148742,0.716603,1.17663,0.049349,-0.109547,0.295398,0.422426,-0.187411,-0.22661
0.6178770065,1782832700,3.992273732,0.8705170905,4.862790823,-0.797801,0.174361,0.00924,0.012443,0.139584,0.714543,1.196967,0.055547,0.009007,0.24802,0.410295,-0.189681,-0.225958
0.6328840256,1782832700,3.930304393,0.7175252163,4.647829609,-0.787911,0.182738,0.008409,0.014734,0.133361,0.711096,1.2213,0.055693,0.099009,0.211398,0.416247,-0.216349,-0.224868
0.647452116,1782832700,3.864724012,0.7053608868,4.570084899,-0.778022,0.191153,0.007849,0.019102,0.12506,0.708629,1.2213,0.055693,0.099009,0.21219,0.410248,-0.191301,-0.224088
0.6608600616,1782832700,3.802345335,0.6074671377,4.409812473,-0.768063,0.199605,0.008544,0.019273,0.118813,0.705013,1.22506,0.068152,0.174267,0.179601,0.448612,-0.184241,-0.222945
0.6759610176,1782832700,3.67935787,0.5591757129,4.238533583,-0.747423,0.216918,0.011,0.029491,0.10486,0.698282,1.248212,0.065802,0.185593,0.171372,0.425413,-0.189093,-0.220816
0.6930131912,1782832700,3.552564505,0.527290631,4.079855136,-0.726202,0.234077,0.014721,0.03592,0.088816,0.690525,1.248212,0.065802,0.185593,0.166109,0.427256,-0.145391,-0.218363
0.7070131302,1782832700,3.500104618,0.4990430044,3.999147623,-0.715684,0.242661,0.016855,0.041762,0.082161,0.686982,1.272405,0.06604,0.196259,0.158612,0.413648,-0.170781,-0.217243
0.7206370831,1782832700,3.445025867,0.5314592585,3.976485125,-0.70502,0.2514,0.019006,0.045401,0.076314,0.683782,1.283434,0.071326,0.17176,0.165858,0.421183,-0.179498,-0.216231
0.734577179,1782832700,3.32943629,0.4997705222,3.829206812,-0.683309,0.268719,0.022804,0.053649,0.064634,0.6742,1.283434,0.071326,0.17176,0.160488,0.413051,-0.161681,-0.213201
0.7478179932,1782832700,3.332537515,0.5772783455,3.90981586,-0.683309,0.268719,0.022804,0.053649,0.064634,0.6742,1.301142,0.069064,0.122734,0.181077,0.40934,-0.190724,-0.213201
0.7619700432,1782832700,3.278004475,0.5429184371,3.820922912,-0.672415,0.277247,0.024546,0.060969,0.05694,0.670029,1.301142,0.069064,0.122734,0.178613,0.38682,-0.171373,-0.211882
0.7771151066,1782832700,3.181840173,0.5988896421,3.780729815,-0.650715,0.294467,0.027158,0.067019,0.047137,0.665559,1.310335,0.065468,0.078638,0.193438,0.385058,-0.179278,-0.210468
0.7905161381,1782832700,3.127246499,0.6767547339,3.804001233,-0.639466,0.302654,0.028055,0.065473,0.044366,0.659677,1.314277,0.051931,0.034994,0.210498,0.389947,-0.195153,-0.208608
0.8049881458,1782832700,3.034809655,0.7307389854,3.76554864,-0.617438,0.319473,0.029145,0.076464,0.028153,0.653261,1.318107,0.03849,-0.023453,0.233501,0.343062,-0.158573,-0.206579
0.8190600872,1782832700,2.99138137,0.9054358355,3.896817205,-0.606411,0.32788,0.029062,0.08253,0.022135,0.651949,1.307968,0.040198,-0.113321,0.271361,0.330199,-0.132412,-0.206164
0.8335850239,1782832700,2.903673156,0.9202316042,3.82390476,-0.584232,0.344176,0.028163,0.086536,0.013146,0.64467,1.307968,0.040198,-0.113321,0.272631,0.343878,-0.130932,-0.203862
0.8472640514,1782832700,2.902037009,1.040590247,3.942627256,-0.584232,0.344176,0.028163,0.086536,0.013146,0.64467,1.295335,0.019166,-0.174975,0.298524,0.309383,-0.110213,-0.203862
0.8612751961,1782832700,2.861062196,1.04945808,3.910520276,-0.573146,0.352111,0.027211,0.095447,0.009251,0.641652,1.294704,-0.001168,-0.189687,0.306049,0.243144,-0.111837,-0.202908
0.8770461082,1782832700,2.823472051,1.266297155,4.089769207,-0.562299,0.359815,0.02611,0.09216,0.003352,0.638338,1.288992,-0.018987,-0.266279,0.339772,0.249824,-0.093207,-0.20186
0.8959519863,1782832700,2.709909159,1.292192716,4.002101874,-0.528838,0.382762,0.02137,0.108237,-0.01518,0.628824,1.286887,-0.044767,-0.273337,0.349439,0.167509,-0.059289,-0.198852
0.9141891003,1782832700,2.638178536,1.282228869,3.920407405,-0.506702,0.397052,0.017686,0.10954,-0.023935,0.623909,1.273419,-0.069627,-0.260242,0.349149,0.151284,-0.036955,-0.197297
0.9278430939,1782832700,2.60164856,1.298204599,3.899853159,-0.495626,0.403796,0.015967,0.112567,-0.027674,0.61831,1.273419,-0.069627,-0.260242,0.35158,0.149165,-0.04048,-0.195527
0.9415881634,1782832700,2.566080888,1.275570335,3.841651223,-0.48441,0.41053,0.014569,0.114491,-0.035779,0.616911,1.251799,-0.092628,-0.251397,0.349843,0.115572,0.015951,-0.195084
0.955365181,1782832700,2.531604808,1.185139762,3.71674457,-0.473561,0.417012,0.012964,0.112061,-0.038528,0.61514,1.231804,-0.114036,-0.214765,0.336729,0.108755,0.040104,-0.194524
0.9684860706,1782832700,2.502144795,1.192853897,3.694998691,-0.462566,0.423428,0.011642,0.119268,-0.044109,0.611455,1.231804,-0.114036,-0.214765,0.338598,0.082158,0.047225,-0.193359
0.9823451042,1782832700,2.436678723,1.128690992,3.565369715,-0.440252,0.435018,0.009728,0.119877,-0.052418,0.606988,1.201125,-0.130135,-0.183405,0.328136,0.078211,0.09486,-0.191946
0.9962000847,1782832700,2.407894168,0.9808281993,3.388722367,-0.429326,0.440327,0.009243,0.120372,-0.057274,0.605882,1.19226,-0.158839,-0.126521,0.304932,0.040186,0.112555,-0.191597
1.012571096,1782832700,2.380887025,0.9897824837,3.370669508,-0.418491,0.445631,0.008888,0.119522,-0.064938,0.602143,1.19226,-0.158839,-0.126521,0.305434,0.056879,0.131873,-0.190414
1.027956009,1782832700,2.325122015,0.878698314,3.203820329,-0.396823,0.455238,0.009507,0.123172,-0.069982,0.597944,1.167503,-0.179665,-0.082796,0.286196,0.023463,0.152684,-0.189087
1.042378187,1782832700,2.316680132,0.7958436441,3.112523777,-0.396823,0.455238,0.009507,0.119656,-0.07066,0.59678,1.136077,-0.200658,-0.038853,0.267741,0.009006,0.208076,-0.188718
1.056375027,1782832700,2.272361507,0.7744660911,3.046827598,-0.375303,0.463844,0.0109,0.118287,-0.073666,0.595635,1.136077,-0.200658,-0.038853,0.265772,0.036034,0.177037,-0.188356
1.069730043,1782832700,2.244211571,0.6763907043,2.920602275,-0.36458,0.467581,0.012068,0.120349,-0.079729,0.593482,1.114499,-0.224014,0.010966,0.243198,-0.005638,0.222899,-0.187676
1.085018158,1782832700,2.194083246,0.6030490792,2.797132325,-0.343203,0.474431,0.014981,0.121233,-0.085083,0.589298,1.093901,-0.243358,0.042336,0.225904,-0.02707,0.239297,-0.186352
1.098684072,1782832700,2.168610745,0.5476022908,2.716213036,-0.332863,0.477656,0.016593,0.117382,-0.085789,0.587138,1.066845,-0.266943,0.07433,0.210188,-0.036656,0.264567,-0.185669
1.113775015,1782832700,2.125504749,0.517181608,2.642686357,-0.311974,0.483057,0.020251,0.117342,-0.09136,0.583299,1.066845,-0.266943,0.07433,0.205015,-0.024356,0.249506,-0.184455
1.128087997,1782832700,2.101238582,0.5222844912,2.623523073,-0.30158,0.485626,0.02238,0.116947,-0.095126,0.581708,1.037627,-0.288802,0.080085,0.199587,-0.052222,0.295583,-0.183952
1.142908096,1782832700,2.076004603,0.5186022839,2.594606887,-0.291507,0.487726,0.024285,0.116441,-0.097159,0.578461,1.013877,-0.307559,0.087954,0.193588,-0.075409,0.32356,-0.182925
1.157594204,1782832700,2.055128972,0.5211328867,2.576261859,-0.28111,0.489837,0.026075,0.114951,-0.096436,0.577342,0.995606,-0.336035,0.085149,0.192236,-0.108933,0.326171,-0.182571
1.176896095,1782832700,2.013295829,0.5946000106,2.60789584,-0.261124,0.493302,0.029413,0.11496,-0.101671,0.571245,0.984268,-0.355733,0.034818,0.208651,-0.133542,0.329821,-0.180644
1.193047047,1782832700,1.97463891,0.5561055765,2.530744486,-0.241092,0.495811,0.031647,0.111409,-0.104288,0.568204,0.984268,-0.355733,0.034818,0.205492,-0.107754,0.299899,-0.179682
1.206994057,1782832700,1.954130212,0.6952755262,2.649405738,-0.23127,0.497055,0.032525,0.110921,-0.105833,0.566527,0.964037,-0.372398,-0.034243,0.233253,-0.129536,0.319892,-0.179152
1.22550106,1782832700,1.908742455,0.7441646897,2.652907145,-0.211704,0.498773,0.033596,0.108631,-0.109604,0.5613,0.924683,-0.387784,-0.047182,0.237173,-0.13792,0.362114,-0.177499
1.243339062,1782832700,1.892407178,0.8582731111,2.750680289,-0.202042,0.499301,0.033605,0.11008,-0.109877,0.560528,0.915168,-0.42406,-0.092862,0.256344,-0.204466,0.357666,-0.177255
1.259239197,1782832700,1.870917238,0.983052725,2.853969963,-0.192486,0.499963,0.033297,0.106585,-0.111884,0.558156,0.889188,-0.433352,-0.137958,0.275718,-0.198372,0.390312,-0.176504
1.276857138,1782832700,1.835105232,1.096081759,2.931186991,-0.17396,0.500674,0.031769,0.104319,-0.113643,0.557703,0.85761,-0.451171,-0.170874,0.291702,-0.213133,0.410673,-0.176361
1.290961027,1782832700,1.811354873,1.087320468,2.89867534,-0.164412,0.500637,0.030823,0.100536,-0.11582,0.552117,0.85761,-0.451171,-0.170874,0.29304,-0.191719,0.401692,-0.174595
1.307404041,1782832700,1.773007883,1.127161297,2.90016918,-0.145975,0.500399,0.02826,0.097459,-0.117563,0.547963,0.836753,-0.478481,-0.172936,0.297531,-0.219563,0.404574,-0.173281
1.323529005,1782832701,1.752785629,1.145322809,2.898108438,-0.136778,0.500017,0.026899,0.093144,-0.119146,0.548322,0.806525,-0.490132,-0.163494,0.295491,-0.215011,0.442581,-0.173395
1.337336063,1782832701,1.730114926,1.142654925,2.872769851,-0.127636,0.499219,0.025163,0.09282,-0.119343,0.543938,0.806525,-0.490132,-0.163494,0.297945,-0.214954,0.423262,-0.172008
1.352160215,1782832701,1.688348099,1.250979073,2.939327172,-0.109913,0.49778,0.022113,0.087426,-0.119205,0.539507,0.753376,-0.510292,-0.178577,0.308593,-0.22059,0.470017,-0.170607
1.369698048,1782832701,1.670110533,1.249595382,2.919705914,-0.101315,0.496634,0.020295,0.082559,-0.121326,0.537757,0.753376,-0.510292,-0.178577,0.311164,-0.1955,0.462846,-0.170054
1.383858204,1782832701,1.632581069,1.233215731,2.865796801,-0.084158,0.494198,0.017339,0.076844,-0.121773,0.531989,0.738192,-0.525748,-0.166661,0.31034,-0.193832,0.451923,-0.16823
1.398637056,1782832701,1.614931443,1.225172255,2.840103697,-0.076088,0.492424,0.016095,0.076879,-0.120858,0.530503,0.738192,-0.525748,-0.166661,0.3121,-0.197994,0.428676,-0.16776
1.416599989,1782832701,1.571178665,1.208077939,2.779256604,-0.059538,0.488872,0.013225,0.070545,-0.120778,0.525076,0.680436,-0.5414,-0.130603,0.301014,-0.195626,0.485946,-0.166044
1.432016134,1782832701,1.552020321,1.207421701,2.759442022,-0.051671,0.48698,0.012173,0.067601,-0.123073,0.520261,0.680436,-0.5414,-0.130603,0.302503,-0.18313,0.481391,-0.164521
1.456624031,1782832701,1.50651689,1.160610471,2.667127362,-0.036331,0.482329,0.010224,0.063234,-0.123066,0.514421,0.612209,-0.548347,-0.072697,0.280941,-0.18011,0.558954,-0.162674
1.471597195,1782832701,1.488906453,1.138769466,2.627675919,-0.028627,0.479852,0.009358,0.061086,-0.121899,0.511695,0.612209,-0.548347,-0.072697,0.282166,-0.173445,0.535095,-0.161812
1.487695217,1782832701,1.450105444,1.047089242,2.497194686,-0.014106,0.474453,0.008224,0.056446,-0.121297,0.505205,0.586105,-0.554846,-0.026514,0.264375,-0.169817,0.542021,-0.15976
1.504364014,1782832701,1.408125457,1.001173149,2.409298606,-9.9e-05,0.468251,0.007928,0.051461,-0.121374,0.496632,0.556759,-0.558509,0.0027,0.252525,-0.161367,0.559268,-0.157049
1.528299093,1782832701,1.391503598,0.9416786947,2.333182293,0.006642,0.465161,0.007945,0.046321,-0.115394,0.494377,0.556759,-0.558509,0.0027,0.252501,-0.139078,0.510223,-0.156336
1.547765017,1782832701,1.351153071,0.9271974093,2.27835048,0.019771,0.458592,0.008499,0.045662,-0.115818,0.485424,0.519787,-0.565155,0.027681,0.241226,-0.160919,0.543911,-0.153504
1.569812059,1782832701,1.312709894,0.9391449467,2.25185484,0.03223,0.451585,0.008949,0.039668,-0.116672,0.477487,0.493333,-0.568633,0.029113,0.239988,-0.148237,0.564295,-0.150995
1.584372044,1782832701,1.272710713,0.9086238851,2.181334598,0.044423,0.444261,0.00962,0.043127,-0.114721,0.467669,0.464268,-0.566611,0.052723,0.229123,-0.180952,0.573616,-0.14789
1.598870993,1782832701,1.252577996,0.9558840753,2.208462072,0.050353,0.440373,0.009832,0.04259,-0.112969,0.46439,0.438203,-0.564363,0.039649,0.234315,-0.182907,0.593151,-0.146853
1.612508059,1782832701,1.218114488,0.8857623629,2.10387685,0.061725,0.432723,0.010392,0.033971,-0.108935,0.456231,0.438203,-0.564363,0.039649,0.233522,-0.151044,0.544801,-0.144273
1.626037121,1782832701,1.198176116,0.9414490772,2.139625193,0.06715,0.428441,0.010592,0.032595,-0.107185,0.451109,0.424163,-0.572825,0.013976,0.244022,-0.16668,0.545756,-0.142653
1.639800072,1782832701,1.181288857,0.9708222554,2.152111112,0.072762,0.424431,0.010479,0.036177,-0.106953,0.448599,0.401529,-0.576528,0.018951,0.242092,-0.20207,0.569017,-0.14186
1.654401064,1782832701,1.161305868,1.054177198,2.215483066,0.077764,0.420226,0.01026,0.030693,-0.105771,0.443607,0.378683,-0.580164,-0.012501,0.25561,-0.18628,0.588586,-0.140281
1.6681602,1782832701,1.145728859,1.016180204,2.161909063,0.08315,0.416114,0.010215,0.026549,-0.102846,0.440653,0.378683,-0.580164,-0.012501,0.255674,-0.171931,0.55992,-0.139347
1.682560205,1782832701,1.109883482,1.069129321,2.179012803,0.093171,0.407347,0.009251,0.024436,-0.098434,0.431752,0.360187,-0.58776,-0.038951,0.268145,-0.191986,0.542782,-0.136532
1.696108103,1782832701,1.092077355,1.130012561,2.222089916,0.097689,0.403103,0.008465,0.022619,-0.096431,0.429404,0.324873,-0.585962,-0.045841,0.27215,-0.188207,0.57922,-0.135789
1.713442087,1782832701,1.070606844,1.252383738,2.322990582,0.102444,0.398505,0.007453,0.021002,-0.094955,0.421122,0.301661,-0.590779,-0.083633,0.289453,-0.197198,0.598274,-0.133171
1.727224112,1782832701,1.038176776,1.218278071,2.256454847,0.111309,0.389081,0.00529,0.013921,-0.091712,0.416157,0.301661,-0.590779,-0.083633,0.292512,-0.178044,0.560024,-0.131601
1.74278903,1782832701,1.020250245,1.285658119,2.305908364,0.115258,0.384832,0.004135,0.018944,-0.092273,0.413121,0.25992,-0.584534,-0.072649,0.289532,-0.205837,0.622844,-0.13064
1.757749081,1782832701,1.002304753,1.268092135,2.270396888,0.119011,0.379998,0.002667,0.013083,-0.090812,0.408728,0.25992,-0.584534,-0.072649,0.291608,-0.183344,0.606151,-0.129251
1.772987127,1782832701,0.980685976,1.301708103,2.282394079,0.123024,0.375285,0.001277,0.011479,-0.084603,0.400513,0.226096,-0.582641,-0.076556,0.295214,-0.181665,0.617375,-0.126653
1.786924124,1782832701,0.9505392019,1.321695407,2.272234609,0.129977,0.365783,-0.001499,0.006679,-0.08361,0.39668,0.210281,-0.583218,-0.07372,0.297949,-0.176591,0.622125,-0.125441
1.802074194,1782832701,0.9310350933,1.308156552,2.239191646,0.13319,0.360862,-0.002964,0.003543,-0.07811,0.39145,0.180111,-0.579745,-0.05964,0.294108,-0.164077,0.63318,-0.123787
1.817071199,1782832701,0.8980703593,1.295091963,2.193162323,0.139396,0.351041,-0.005431,0.005232,-0.074203,0.382638,0.180111,-0.579745,-0.05964,0.297598,-0.195638,0.597102,-0.121001
1.831958055,1782832701,0.8794747529,1.246003463,2.125478216,0.142192,0.346134,-0.006903,0.002697,-0.070487,0.376248,0.155626,-0.581558,-0.028658,0.286667,-0.195181,0.609895,-0.11898
1.845693111,1782832701,0.8626794607,1.23697772,2.099657181,0.144635,0.341246,-0.008051,6.2e-05,-0.067156,0.373712,0.124642,-0.5733,-0.010003,0.280456,-0.177599,0.636329,-0.118178
1.860388994,1782832701,0.8451883622,1.221613077,2.066801439,0.147079,0.336055,-0.009089,-0.000456,-0.064365,0.369592,0.104643,-0.570944,0.00701,0.274779,-0.182396,0.647804,-0.116875
1.875585079,1782832701,0.8109232505,1.196026131,2.006949382,0.15148,0.325965,-0.010589,-0.009456,-0.056783,0.3604,0.080937,-0.563918,0.009429,0.275885,-0.142298,0.633769,-0.113969
1.88915205,1782832701,0.7943559104,1.19568422,1.99004013,0.153442,0.320902,-0.011183,-0.010122,-0.0566,0.355594,0.080937,-0.563918,0.009429,0.276726,-0.149839,0.628343,-0.112449
1.903841019,1782832701,0.7602370496,1.154398889,1.914635939,0.157045,0.31051,-0.0124,-0.013386,-0.04924,0.34578,0.06131,-0.561398,0.021689,0.273298,-0.150396,0.61066,-0.109345
1.919189215,1782832701,0.7445840447,1.138281181,1.882865225,0.158508,0.305619,-0.012822,-0.015609,-0.047446,0.340562,0.05068,-0.566211,0.032998,0.269145,-0.156597,0.61463,-0.107695
1.934476137,1782832701,0.7119929137,1.094629078,1.806621992,0.16128,0.295089,-0.013356,-0.022019,-0.040986,0.333048,0.031726,-0.561616,0.044959,0.264877,-0.136191,0.602819,-0.105319
1.94792819,1782832701,0.7119929137,1.094629078,1.806621992,0.16128,0.295089,-0.013356,-0.022019,-0.040986,0.333048,0.031726,-0.561616,0.044959,0.264877,-0.136191,0.602819,-0.105319
1.962615013,1782832701,0.6967200954,1.083514427,1.780234522,0.162493,0.289881,-0.01377,-0.020427,-0.038585,0.330147,0.01609,-0.558547,0.058479,0.259785,-0.151846,0.612107,-0.104402
1.976743221,1782832701,0.6639376846,1.110879697,1.774817382,0.164503,0.279749,-0.013897,-0.027708,-0.033988,0.321149,-0.013139,-0.54646,0.051319,0.262971,-0.113309,0.629436,-0.101556
1.992254019,1782832701,0.6339230029,1.088700264,1.722623267,0.166245,0.269631,-0.014278,-0.027567,-0.030345,0.3128,-0.013139,-0.54646,0.051319,0.263511,-0.136736,0.604846,-0.098916
2.00574708,1782832701,0.6186453269,1.076105921,1.694751248,0.167072,0.264552,-0.014352,-0.032692,-0.026036,0.308923,-0.019734,-0.540056,0.045671,0.265987,-0.108474,0.589326,-0.09769
2.019550085,1782832701,0.6034235634,1.118181647,1.72160521,0.167612,0.25944,-0.014517,-0.032391,-0.025295,0.304646,-0.027056,-0.538888,0.032078,0.271929,-0.119697,0.595919,-0.096338
2.034366131,1782832701,0.575517147,1.080490502,1.656007649,0.168776,0.249412,-0.014822,-0.037551,-0.019985,0.297099,-0.027056,-0.538888,0.032078,0.27236,-0.1128,0.563152,-0.093951
2.04746604,1782832701,0.5754668371,1.070149067,1.645615904,0.168776,0.249412,-0.014822,-0.037551,-0.019985,0.297099,-0.042178,-0.536182,0.048868,0.265309,-0.108363,0.587955,-0.093951
2.062885046,1782832701,0.5580480384,1.087389852,1.64543789,0.169199,0.244555,-0.015011,-0.038018,-0.015803,0.288593,-0.063697,-0.522422,0.045886,0.266828,-0.094005,0.598542,-0.091261
2.077857018,1782832701,0.5346811747,1.067407362,1.602088537,0.169701,0.23503,-0.015482,-0.040145,-0.012179,0.286359,-0.062563,-0.518985,0.0443,0.26816,-0.097582,0.574967,-0.090555
2.092838049,1782832701,0.5083900691,1.031005009,1.539395078,0.169943,0.225528,-0.015944,-0.046005,-0.006412,0.277219,-0.062563,-0.518985,0.0443,0.268814,-0.085533,0.541659,-0.087664
2.108054161,1782832701,0.4963295063,1.077630275,1.573959781,0.169986,0.220987,-0.01613,-0.043436,-0.00636,0.27458,-0.063074,-0.514011,0.026085,0.276727,-0.102129,0.542109,-0.08683
2.122299194,1782832701,0.4712792203,1.033363119,1.504642339,0.169798,0.211861,-0.016569,-0.047481,0.000507,0.265941,-0.078077,-0.504948,0.038656,0.272068,-0.084688,0.528118,-0.084098
2.136132002,1782832701,0.4583746387,1.080973928,1.539348567,0.169857,0.20736,-0.016923,-0.051237,0.000549,0.261569,-0.097632,-0.486459,0.031733,0.275476,-0.043088,0.559826,-0.082716
2.151113987,1782832701,0.4583746387,1.080973928,1.539348567,0.169857,0.20736,-0.016923,-0.051237,0.000549,0.261569,-0.097632,-0.486459,0.031733,0.275476,-0.043088,0.559826,-0.082716
2.165993214,1782832701,0.4362260448,1.10089611,1.537122155,0.169403,0.19859,-0.017577,-0.046787,0.000896,0.25558,-0.096147,-0.477936,0.025175,0.279155,-0.073998,0.556429,-0.080821
2.181677103,1782832701,0.4233653077,1.143359153,1.56672446,0.168897,0.194443,-0.017479,-0.049877,0.002044,0.250279,-0.102799,-0.465099,0.007985,0.286236,-0.044662,0.561952,-0.079145
2.197809219,1782832701,0.4029744248,1.094282602,1.497257027,0.168291,0.186049,-0.01827,-0.056714,0.009804,0.243564,-0.113125,-0.454422,0.018376,0.282991,-0.007074,0.536154,-0.077022
2.213640213,1782832701,0.393836531,1.089445697,1.483282228,0.167872,0.182039,-0.018644,-0.052646,0.011489,0.240904,-0.113125,-0.454422,0.018376,0.28352,-0.039157,0.527516,-0.07618
2.230676174,1782832701,0.3732100912,1.09842969,1.471639781,0.166637,0.174394,-0.019148,-0.054963,0.014498,0.23245,-0.132117,-0.433779,0.0231,0.282249,-0.00923,0.544331,-0.073507
2.248589993,1782832701,0.3634855175,1.057275122,1.420760639,0.166522,0.17065,-0.019288,-0.055054,0.017345,0.226938,-0.134118,-0.42466,0.035153,0.277384,-0.002125,0.531697,-0.071764
2.26555419,1782832701,0.3440326021,1.076682048,1.420714651,0.165111,0.163253,-0.019409,-0.052713,0.019331,0.219081,-0.140875,-0.40688,0.028472,0.280361,-0.002806,0.534651,-0.069279
2.279531002,1782832701,0.3355837577,1.02961724,1.365200997,0.16441,0.159757,-0.01957,-0.053968,0.021831,0.215688,-0.133336,-0.404692,0.037906,0.276627,9.4e-05,0.509647,-0.068207
2.295056105,1782832701,0.3188580065,0.9817881356,1.300646142,0.162999,0.152872,-0.019674,-0.057346,0.027089,0.20883,-0.144761,-0.387343,0.055931,0.269204,0.032348,0.50167,-0.066038
2.311209202,1782832701,0.3113496125,0.9723481446,1.283697757,0.162258,0.149913,-0.01971,-0.055084,0.028911,0.204385,-0.144761,-0.387343,0.055931,0.269255,0.012881,0.492973,-0.064632
2.326323032,1782832702,0.2944442288,0.9397284417,1.23417267,0.160604,0.143692,-0.019116,-0.057156,0.032855,0.194605,-0.145772,-0.375832,0.061235,0.266188,0.029618,0.475924,-0.061539
2.341696024,1782832702,0.2867863858,0.8895630204,1.176349406,0.159894,0.140865,-0.018751,-0.056412,0.033709,0.190219,-0.149706,-0.362461,0.084562,0.255874,0.041005,0.479112,-0.060152
2.355684996,1782832702,0.2785679844,0.9205502066,1.199118191,0.159073,0.137984,-0.018659,-0.05566,0.035309,0.186136,-0.153007,-0.346058,0.069856,0.261921,0.057192,0.477272,-0.058861
2.370462179,1782832702,0.2719485168,0.9050006982,1.176949215,0.158192,0.135278,-0.018346,-0.055261,0.037939,0.182589,-0.153007,-0.346058,0.069856,0.261478,0.048873,0.464296,-0.05774
2.383949995,1782832702,0.2580794382,0.9058384777,1.163917916,0.15652,0.129639,-0.017725,-0.054755,0.037473,0.175466,-0.144931,-0.339571,0.064197,0.262977,0.044027,0.457441,-0.055487
2.398233175,1782832702,0.2508856799,0.8891215768,1.140007257,0.155688,0.127286,-0.017264,-0.053517,0.039507,0.171234,-0.14314,-0.323717,0.065622,0.261726,0.057732,0.444805,-0.054149
2.413798094,1782832702,0.2392470665,0.8734300212,1.112677088,0.154289,0.122481,-0.016379,-0.056988,0.042058,0.162443,-0.14314,-0.323717,0.065622,0.260475,0.066712,0.433438,-0.051369
2.427944183,1782832702,0.2326470671,0.8397510798,1.072398147,0.153384,0.120165,-0.015979,-0.053489,0.04293,0.15738,-0.143536,-0.312968,0.078427,0.254531,0.05928,0.431161,-0.049768
2.44139719,1782832702,0.2262468769,0.8867453076,1.112992185,0.152709,0.117912,-0.015713,-0.053917,0.044656,0.153444,-0.148137,-0.293806,0.057505,0.262941,0.088106,0.430405,-0.048523
2.454666138,1782832702,0.2217764222,0.8960803498,1.117856772,0.151745,0.115889,-0.015674,-0.053925,0.042929,0.151481,-0.148137,-0.293806,0.057505,0.262887,0.083627,0.442376,-0.047902
2.469190121,1782832702,0.2164565759,0.8954503518,1.111906928,0.151088,0.11412,-0.015232,-0.051865,0.044082,0.147807,-0.136392,-0.285894,0.046633,0.266827,0.080948,0.418027,-0.046741
2.484220028,1782832702,0.2071113547,0.896602856,1.103714211,0.149823,0.110415,-0.01471,-0.051328,0.044908,0.140298,-0.133439,-0.273533,0.04247,0.267837,0.089887,0.411325,-0.044366
2.497536182,1782832702,0.2028670927,0.8858919711,1.088759064,0.149161,0.108366,-0.014654,-0.048089,0.046593,0.136821,-0.133439,-0.273533,0.04247,0.267759,0.066902,0.403231,-0.043267
2.511272192,1782832702,0.199097696,0.8676300266,1.066727723,0.148616,0.106765,-0.014494,-0.049677,0.0482,0.133945,-0.140779,-0.260382,0.05354,0.262883,0.093914,0.407359,-0.042357
2.52560401,1782832702,0.1908394612,0.9226708544,1.113510316,0.147372,0.103806,-0.014313,-0.052252,0.049093,0.125979,-0.134737,-0.244874,0.027346,0.273627,0.127363,0.395152,-0.039838
2.541478157,1782832702,0.186370762,0.9127191033,1.099089865,0.146816,0.102179,-0.014366,-0.05056,0.052898,0.120793,-0.12517,-0.235188,0.020298,0.276662,0.129992,0.359087,-0.038198
2.554634094,1782832702,0.1832842161,0.8977844119,1.081068628,0.146361,0.100973,-0.014333,-0.049686,0.052381,0.118018,-0.121434,-0.225694,0.026866,0.273858,0.137907,0.356919,-0.037321
2.568195105,1782832702,0.1799844169,0.9016930216,1.081677439,0.145597,0.099528,-0.014291,-0.053692,0.053041,0.114752,-0.121434,-0.225694,0.026866,0.273798,0.157435,0.354876,-0.036288
2.583370209,1782832702,0.1741001476,0.9155611037,1.089661251,0.144716,0.097158,-0.014572,-0.048098,0.053235,0.106823,-0.128424,-0.207498,0.024615,0.27514,0.150196,0.367207,-0.03378
2.597214222,1782832702,0.1716551181,0.9503627634,1.122017881,0.144372,0.096235,-0.014766,-0.044464,0.052722,0.10479,-0.119857,-0.196843,0.006541,0.283005,0.144961,0.356837,-0.033138
2.611728191,1782832702,0.169250222,0.9494772727,1.118727495,0.144105,0.095259,-0.014912,-0.047678,0.054542,0.098792,-0.119857,-0.196843,0.006541,0.283212,0.16104,0.347098,-0.031241
2.626810074,1782832702,0.1649022154,0.9525813728,1.117483588,0.143365,0.09331,-0.015185,-0.040748,0.051522,0.094061,-0.114327,-0.184375,0.006075,0.283793,0.137755,0.356841,-0.029745
2.643686056,1782832702,0.1630744548,0.8911938041,1.054268259,0.142944,0.092652,-0.015086,-0.041471,0.053657,0.092479,-0.113515,-0.174393,0.030609,0.273351,0.156763,0.34432,-0.029244
2.659242153,1782832702,0.1606233007,0.901730907,1.062354208,0.142665,0.091752,-0.015256,-0.041571,0.055248,0.087275,-0.116072,-0.16085,0.028322,0.274551,0.177535,0.3401,-0.027599
2.673768997,1782832702,0.1581534278,0.8905091738,1.048662602,0.142399,0.090455,-0.015448,-0.03279,0.054495,0.08163,-0.116072,-0.16085,0.028322,0.274823,0.124741,0.344972,-0.025814
2.687538147,1782832702,0.1563576526,0.8523970046,1.008754657,0.142197,0.089893,-0.015274,-0.033072,0.055415,0.078025,-0.110615,-0.15105,0.042252,0.268726,0.141163,0.331247,-0.024674
2.701537132,1782832702,0.1549995219,0.8238823449,0.9788818668,0.141941,0.089473,-0.015152,-0.032211,0.054795,0.076391,-0.103998,-0.142683,0.053623,0.263778,0.149057,0.324488,-0.024157
2.715615034,1782832702,0.1530503308,0.8178453062,0.970895637,0.141738,0.088786,-0.014817,-0.030977,0.055142,0.07065,-0.103998,-0.142683,0.053623,0.263305,0.140506,0.322969,-0.022342
2.72898221,1782832702,0.1518462525,0.7976326838,0.9494789363,0.141751,0.088648,-0.014517,-0.030246,0.055705,0.066253,-0.09604,-0.134907,0.058199,0.260959,0.1488,0.306686,-0.020951
2.746342182,1782832702,0.1506420074,0.7712654286,0.9219074359,0.141845,0.088373,-0.014124,-0.029384,0.056477,0.061094,-0.089089,-0.128265,0.065318,0.257414,0.154183,0.290689,-0.01932
2.75970912,1782832702,0.1498739843,0.751509585,0.9013835693,0.141913,0.088225,-0.01381,-0.026355,0.054546,0.058315,-0.084511,-0.118952,0.074035,0.253309,0.151912,0.294003,-0.018441
2.77376318,1782832702,0.1487601647,0.7433807756,0.8921409403,0.142029,0.087937,-0.012996,-0.02433,0.054115,0.053171,-0.084511,-0.118952,0.074035,0.252157,0.13977,0.296194,-0.016814
2.787544012,1782832702,0.1481095514,0.7710924444,0.9192019958,0.142004,0.087871,-0.012712,-0.024865,0.053187,0.0511,-0.094936,-0.104578,0.070324,0.253314,0.166235,0.318618,-0.016159
2.801398039,1782832702,0.1476825346,0.7605607542,0.9082432889,0.142152,0.087882,-0.012206,-0.022974,0.054082,0.047073,-0.094936,-0.104578,0.070324,0.252598,0.155513,0.313205,-0.014886
2.8176651,1782832702,0.1465954776,0.7908227476,0.9374182253,0.14258,0.088006,-0.011414,-0.017153,0.052537,0.04116,-0.078986,-0.087644,0.04772,0.260971,0.150495,0.294866,-0.013016
2.832659006,1782832702,0.1465855973,0.7885661768,0.935151774,0.142797,0.088076,-0.011173,-0.017413,0.052736,0.037668,-0.078986,-0.087644,0.04772,0.260631,0.15213,0.29325,-0.011912
2.846271992,1782832702,0.1465962583,0.7925767631,0.9391730214,0.142958,0.088108,-0.011033,-0.017413,0.052736,0.037668,-0.072138,-0.085433,0.042906,0.262454,0.155827,0.281659,-0.011912
2.861643076,1782832702,0.1471329851,0.8139473907,0.9610803757,0.143374,0.088399,-0.010922,-0.017682,0.051362,0.035443,-0.078676,-0.074924,0.040388,0.263355,0.17524,0.299256,-0.011208
2.876452208,1782832702,0.1477122347,0.8159831674,0.9636954021,0.144021,0.088689,-0.010548,-0.016009,0.054461,0.030644,-0.079334,-0.066292,0.034345,0.265363,0.180541,0.281281,-0.00969
2.889933109,1782832702,0.1483186918,0.8128149326,0.9611336244,0.14444,0.088867,-0.010552,-0.014221,0.05422,0.028098,-0.079334,-0.066292,0.034345,0.265369,0.170781,0.281714,-0.008885
2.906475067,1782832702,0.1496672734,0.8450368036,0.9947040769,0.145361,0.089382,-0.010747,-0.010488,0.052101,0.024827,-0.066696,-0.062688,0.01608,0.273316,0.156637,0.270968,-0.007851
2.919664145,1782832702,0.1501770624,0.8868119275,1.03698899,0.145743,0.089715,-0.010752,-0.008243,0.051653,0.02162,-0.051996,-0.063051,-0.008374,0.283592,0.144029,0.248549,-0.006837
2.933493137,1782832702,0.1520672311,0.8906766325,1.042743864,0.14678,0.090068,-0.011364,-0.005026,0.049955,0.016564,-0.051996,-0.063051,-0.008374,0.284458,0.126543,0.255876,-0.005238
2.946799994,1782832702,0.1520636068,0.8573561192,1.009419726,0.14678,0.090068,-0.011364,-0.005026,0.049955,0.016564,-0.053437,-0.06177,0.006469,0.278225,0.128644,0.25824,-0.005238
2.960239172,1782832702,0.1533736092,0.8492388179,1.002612427,0.147463,0.090284,-0.011678,-0.001497,0.049677,0.016087,-0.055257,-0.058469,0.010207,0.277099,0.114491,0.261278,-0.005087
2.976011038,1782832702,0.1556699659,0.8678240321,1.023493998,0.148552,0.090976,-0.012335,-0.002538,0.048648,0.010023,-0.05647,-0.049197,0.008116,0.278906,0.13716,0.266675,-0.003169
2.989785194,1782832702,0.1567592456,0.8719360197,1.028695265,0.149002,0.091307,-0.012606,-0.002566,0.047906,0.009515,-0.05647,-0.049197,0.008116,0.27929,0.138058,0.269885,-0.003009
3.006419182,1782832702,0.1595604635,0.8640236713,1.023584135,0.150375,0.091934,-0.013266,-0.001637,0.047397,0.006208,-0.042604,-0.051696,0.007753,0.280376,0.130083,0.246964,-0.001963
3.019673109,1782832702,0.1610546035,0.8804242693,1.041478873,0.151048,0.092518,-0.013268,0.004112,0.045754,0.003871,-0.050377,-0.042102,0.003679,0.282089,0.114457,0.267545,-0.001224
3.035746098,1782832702,0.1639345084,0.8715282753,1.035462784,0.152463,0.093058,-0.013767,0.010953,0.044485,0.001048,-0.049889,-0.039393,0.00711,0.281354,0.081245,0.270789,-0.000331
3.049401045,1782832702,0.1639345084,0.8715282753,1.035462784,0.152463,0.093058,-0.013767,0.010953,0.044485,0.001048,-0.049889,-0.039393,0.00711,0.281354,0.081245,0.270789,-0.000331
3.064724207,1782832702,0.1669403771,0.8496571684,1.016597545,0.153908,0.093843,-0.013933,0.011076,0.043061,-0.002206,-0.043622,-0.041192,0.015613,0.278018,0.07935,0.265368,0.000698
3.078044176,1782832702,0.1683587641,0.8523758522,1.020734616,0.154702,0.093994,-0.014036,0.008984,0.043842,-0.004828,-0.047757,-0.031549,0.017168,0.27751,0.107387,0.265939,0.001527
3.093814135,1782832702,0.1712581934,0.8521225036,1.023380697,0.156119,0.09449,-0.014366,0.011259,0.043435,-0.008039,-0.047757,-0.031549,0.017168,0.277977,0.095574,0.265084,0.002542
3.107992172,1782832702,0.1725664099,0.8180519096,0.9906183195,0.156695,0.094789,-0.01451,0.010867,0.04305,-0.010085,-0.037638,-0.037914,0.028278,0.273514,0.08803,0.249386,0.003189
3.149160147,1782832702,0.1774481319,0.8117538852,0.989202017,0.159288,0.095363,-0.014618,0.01791,0.037871,-0.016648,-0.039146,-0.033018,0.035448,0.270656,0.057327,0.275487,0.005264
3.16477108,1782832702,0.1803692838,0.8290603409,1.009429625,0.160783,0.095873,-0.014677,0.017327,0.039639,-0.019212,-0.038289,-0.028291,0.025314,0.274996,0.069535,0.260692,0.006075
3.178043127,1782832702,0.1820411222,0.7738153215,0.9558564437,0.161731,0.095943,-0.014402,0.020098,0.036742,-0.021555,-0.025223,-0.041587,0.045422,0.266162,0.032137,0.253602,0.006816
3.192399025,1782832702,0.1835624675,0.7745076717,0.9580701392,0.162471,0.096164,-0.014202,0.020879,0.035619,-0.026334,-0.025223,-0.041587,0.045422,0.265878,0.028194,0.258326,0.008327
3.205954075,1782832702,0.1859463408,0.7846521668,0.9705985076,0.16409,0.096259,-0.013674,0.019147,0.036377,-0.02782,-0.019406,-0.037611,0.035791,0.269176,0.044772,0.240859,0.008797
3.219738007,1782832702,0.1873400407,0.7985544663,0.9858945071,0.164972,0.096191,-0.013682,0.020103,0.035603,-0.027985,-0.025722,-0.036425,0.032339,0.270638,0.041129,0.253644,0.00885
3.233789206,1782832702,0.1902836077,0.7916559338,0.9819395415,0.166524,0.096469,-0.013389,0.020417,0.032711,-0.031448,-0.032558,-0.033156,0.040268,0.266893,0.045331,0.277819,0.009945
3.247022152,1782832702,0.1902836077,0.7916559338,0.9819395415,0.166524,0.096469,-0.013389,0.020417,0.032711,-0.031448,-0.032558,-0.033156,0.040268,0.266893,0.045331,0.277819,0.009945
3.262355089,1782832702,0.1915712923,0.8261856445,1.017756937,0.167317,0.096468,-0.013158,0.021275,0.032623,-0.034441,-0.030213,-0.03498,0.022771,0.273916,0.037465,0.272697,0.010891
3.276137114,1782832702,0.1942307844,0.7996171063,0.9938478906,0.169048,0.096145,-0.01273,0.024761,0.029245,-0.037145,-0.026921,-0.040482,0.034835,0.268243,0.00791,0.282619,0.011746
3.289518118,1782832702,0.1953454687,0.7976172964,0.9929627651,0.169675,0.096196,-0.0124,0.026189,0.028829,-0.0393,-0.026921,-0.040482,0.034835,0.267777,-8.7e-05,0.28358,0.012428
3.304298162,1782832702,0.1980380205,0.7831723071,0.9812103276,0.171342,0.095865,-0.011942,0.025657,0.02761,-0.04344,-0.022856,-0.046064,0.038907,0.265419,-0.006958,0.280112,0.013737
3.322907209,1782832703,0.198802672,0.8264431455,1.025245818,0.171866,0.095778,-0.011901,0.026603,0.026817,-0.04386,-0.037226,-0.037125,0.026546,0.270553,0.002128,0.307013,0.01387
3.336223125,1782832703,0.2009973815,0.8294609835,1.030458365,0.173267,0.095336,-0.011784,0.023912,0.025236,-0.046908,-0.037226,-0.037125,0.026546,0.270386,0.016429,0.312866,0.014834
3.353945017,1782832703,0.20154704,0.8051304598,1.0066775,0.173267,0.095336,-0.011784,0.026413,0.02554,-0.05075,-0.041028,-0.043617,0.038552,0.265344,-0.008425,0.317376,0.016049
3.375824213,1782832703,0.2039214656,0.8358193106,1.039740776,0.175261,0.094286,-0.011389,0.024929,0.023015,-0.05316,-0.021389,-0.052693,0.01773,0.27353,-0.017227,0.295048,0.016811
3.394587994,1782832703,0.2064963169,0.8622967035,1.06879302,0.176706,0.093569,-0.011613,0.029876,0.024238,-0.057566,-0.035715,-0.054378,0.011462,0.276479,-0.049705,0.308364,0.018204
3.40935111,1782832703,0.2069003777,0.856538104,1.063438482,0.177186,0.093036,-0.011523,0.027724,0.02523,-0.058438,-0.035715,-0.054378,0.011462,0.276352,-0.03867,0.301657,0.01848
3.427381992,1782832703,0.2086803793,0.8500236717,1.058704051,0.178307,0.092194,-0.011887,0.026648,0.02338,-0.060838,-0.04616,-0.054697,0.022266,0.27233,-0.034961,0.326795,0.019239
3.443645,1782832703,0.2093260023,0.8820964828,1.091422485,0.178795,0.091565,-0.011874,0.030419,0.021156,-0.063839,-0.028679,-0.066997,0.005782,0.279234,-0.077968,0.309667,0.020188
3.459656,1782832703,0.2095311106,0.876418102,1.085949213,0.179128,0.091005,-0.011942,0.030339,0.022859,-0.06447,-0.028679,-0.066997,0.005782,0.27933,-0.078763,0.299243,0.020387
3.476131201,1782832703,0.2111527107,0.8929356919,1.104088403,0.180293,0.089808,-0.012283,0.0303,0.02017,-0.066321,-0.048136,-0.070788,0.012762,0.276881,-0.087437,0.343831,0.020972
3.489746094,1782832703,0.2116679459,0.8929577112,1.104625657,0.180673,0.089122,-0.012519,0.029862,0.020456,-0.068746,-0.048136,-0.070788,0.012762,0.277215,-0.086481,0.341357,0.021739
3.504407167,1782832703,0.2119642842,0.8740389701,1.086003254,0.181424,0.087521,-0.012883,0.026686,0.02351,-0.069627,-0.045367,-0.075451,0.014959,0.276807,-0.079668,0.317783,0.022018
3.517855167,1782832703,0.2124802814,0.8811056153,1.093585897,0.181796,0.086856,-0.013149,0.027434,0.022266,-0.071633,-0.045367,-0.075451,0.014959,0.277184,-0.085404,0.32402,0.022652
3.533034086,1782832703,0.2133042234,0.8940448618,1.107349085,0.182536,0.08531,-0.013444,0.032413,0.021437,-0.075946,-0.041398,-0.077301,0.012542,0.278615,-0.120179,0.320565,0.024016
3.546741009,1782832703,0.2133420797,0.9095798732,1.122921953,0.182536,0.08531,-0.013444,0.032413,0.021437,-0.075946,-0.0427,-0.079711,0.006926,0.280973,-0.12413,0.322702,0.024016
3.560342073,1782832703,0.2129122127,0.9224091648,1.135321377,0.182704,0.084405,-0.013699,0.030521,0.022259,-0.074769,-0.051716,-0.079493,0.004137,0.282506,-0.115048,0.332442,0.023644
3.576071024,1782832703,0.2127863123,0.9188875188,1.131673831,0.183197,0.082762,-0.013859,0.027082,0.020802,-0.075955,-0.05247,-0.085091,0.007932,0.281138,-0.108367,0.340854,0.024019
3.591394186,1782832703,0.2132113503,0.906514332,1.119725682,0.183513,0.081879,-0.014009,0.02192,0.022897,-0.07921,-0.05247,-0.085091,0.007932,0.28135,-0.081014,0.328246,0.025048
3.605408192,1782832703,0.2121276854,0.9015107283,1.113638414,0.183698,0.079923,-0.014164,0.020659,0.022823,-0.079423,-0.046739,-0.090758,0.008465,0.281346,-0.087515,0.31885,0.025116
3.620154142,1782832703,0.2119438564,0.9097405046,1.121684361,0.183876,0.078834,-0.014433,0.023576,0.022099,-0.08061,-0.046739,-0.090758,0.008465,0.281726,-0.106526,0.322564,0.025491
3.638598204,1782832703,0.21144053,0.9003735048,1.111814035,0.184081,0.077102,-0.014376,0.021947,0.02175,-0.083287,-0.043663,-0.095825,0.011572,0.280341,-0.109456,0.319043,0.026338
3.652568102,1782832703,0.2104801966,0.9093708454,1.119851042,0.184057,0.076036,-0.014361,0.022829,0.023766,-0.082545,-0.053237,-0.092161,0.009005,0.281398,-0.110836,0.323352,0.026103
3.66585207,1782832703,0.2093614357,0.9019896551,1.111351091,0.183933,0.074429,-0.014605,0.019638,0.021671,-0.082773,-0.058981,-0.096004,0.018369,0.27781,-0.102606,0.344953,0.026175
3.679159164,1782832703,0.2092178378,0.871748621,1.080966459,0.18412,0.073541,-0.014625,0.017064,0.023713,-0.083032,-0.064103,-0.095963,0.029375,0.273216,-0.089899,0.341332,0.026257
3.695271015,1782832703,0.2078228688,0.8689549849,1.076777854,0.183946,0.071329,-0.014467,0.015389,0.022442,-0.086667,-0.061124,-0.098149,0.03083,0.272383,-0.088914,0.344054,0.027407
3.710288048,1782832703,0.2067471375,0.8668122026,1.07355934,0.183885,0.070134,-0.014402,0.013818,0.022609,-0.086222,-0.061124,-0.098149,0.03083,0.27229,-0.082659,0.343246,0.027266
3.727088213,1782832703,0.2051210826,0.8781689042,1.083289987,0.18386,0.067937,-0.014389,0.014557,0.022008,-0.086239,-0.061342,-0.096039,0.027407,0.273709,-0.088314,0.347073,0.027271
3.743515015,1782832703,0.2044262789,0.8869452125,1.091371491,0.183706,0.066538,-0.014188,0.012439,0.023644,-0.089521,-0.067356,-0.096641,0.022644,0.275425,-0.080393,0.347982,0.028309
3.757519007,1782832703,0.2039120024,0.8921754132,1.096087416,0.18358,0.065586,-0.014297,0.013665,0.023515,-0.0908,-0.06546,-0.100774,0.021347,0.276124,-0.096266,0.345889,0.028713
3.771547079,1782832703,0.2021361554,0.8761764425,1.078312598,0.183304,0.064191,-0.014117,0.006926,0.025968,-0.089355,-0.06546,-0.100774,0.021347,0.27587,-0.061101,0.332569,0.028256
3.788079023,1782832703,0.199589102,0.8928104988,1.092399601,0.182849,0.06176,-0.013779,0.008749,0.022929,-0.089461,-0.061574,-0.103794,0.017793,0.276884,-0.081843,0.344477,0.02829
3.802746058,1782832703,0.1977536586,0.8709574449,1.068711104,0.182504,0.059251,-0.013581,0.005523,0.023678,-0.091835,-0.059898,-0.103167,0.02386,0.274056,-0.068099,0.338245,0.029041
3.816148043,1782832703,0.1968309597,0.8927589923,1.089589952,0.182185,0.057997,-0.013629,0.006922,0.023055,-0.093902,-0.066264,-0.09945,0.019283,0.276046,-0.072754,0.352945,0.029694
3.832380056,1782832703,0.1953260876,0.8774954912,1.072821579,0.181841,0.056763,-0.01345,-0.000813,0.025622,-0.093467,-0.066264,-0.09945,0.019283,0.275793,-0.031564,0.339128,0.029557
3.847783089,1782832703,0.1946101954,0.8848316812,1.079441877,0.181594,0.055657,-0.013403,0.005477,0.02447,-0.094939,-0.076161,-0.096482,0.024445,0.273559,-0.064907,0.362453,0.030022
3.863305092,1782832703,0.1921612098,0.8843500894,1.076511299,0.180887,0.053114,-0.013208,0.00101,0.021869,-0.096352,-0.078912,-0.096061,0.029841,0.271017,-0.044523,0.383324,0.030469
3.876839161,1782832703,0.1906228497,0.8852904492,1.075913299,0.180507,0.051701,-0.013136,-0.001213,0.024755,-0.096278,-0.076866,-0.095905,0.022674,0.273925,-0.0348,0.364422,0.030446
3.890811205,1782832703,0.1894086392,0.8934846006,1.08289324,0.180141,0.050499,-0.013034,0.003079,0.023383,-0.096895,-0.076866,-0.095905,0.022674,0.273781,-0.061871,0.373038,0.030641
3.905040026,1782832703,0.1882131313,0.8856433071,1.073856438,0.179725,0.049394,-0.012835,-0.002163,0.023828,-0.098639,-0.065697,-0.098124,0.01812,0.275412,-0.038196,0.35312,0.031192
3.919516087,1782832703,0.1851981842,0.9018213462,1.08701953,0.17878,0.046937,-0.012837,-0.003144,0.028208,-0.097977,-0.070421,-0.09462,0.006561,0.280269,-0.032374,0.338092,0.030983
3.935557127,1782832703,0.184269501,0.9053581182,1.089627619,0.178485,0.045535,-0.012719,0.002179,0.024298,-0.099137,-0.077288,-0.093313,0.016325,0.276002,-0.063609,0.372234,0.03135
3.948957205,1782832703,0.1833911694,0.894732236,1.078123405,0.17808,0.044552,-0.012654,-0.000473,0.026542,-0.100681,-0.077288,-0.093313,0.016325,0.27591,-0.050738,0.36039,0.031838
3.962588072,1782832703,0.1802490362,0.9011913254,1.081440362,0.176916,0.042058,-0.012288,0.001017,0.025699,-0.101353,-0.081602,-0.092371,0.017521,0.27489,-0.063237,0.37486,0.032051
3.976164103,1782832703,0.1790157155,0.8704909824,1.049506698,0.176444,0.040818,-0.01211,-0.004799,0.027357,-0.102448,-0.082752,-0.087216,0.026742,0.270765,-0.02451,0.36838,0.032397
3.990491152,1782832703,0.1779427913,0.8597381166,1.037680908,0.17589,0.039901,-0.012116,-0.007591,0.030094,-0.103666,-0.082752,-0.087216,0.026742,0.270774,-0.010697,0.354067,0.032782
4.005635023,1782832703,0.1754609252,0.8616862732,1.037147198,0.174996,0.0375,-0.012023,-0.003651,0.0295,-0.10466,-0.075397,-0.086719,0.024096,0.271754,-0.037635,0.347379,0.033096
4.019241095,1782832703,0.1741357765,0.8946121742,1.068747951,0.174411,0.036249,-0.011812,-0.007461,0.030371,-0.106225,-0.077372,-0.083186,0.008476,0.278015,-0.012991,0.346975,0.033591
4.035217047,1782832703,0.1710012811,0.9080007766,1.079002058,0.173236,0.033957,-0.011584,-0.006057,0.028903,-0.105202,-0.081746,-0.081839,0.007669,0.278031,-0.023885,0.365118,0.033268
4.052554131,1782832703,0.1701033316,0.9097648849,1.079868216,0.172787,0.032843,-0.011492,-0.006468,0.028493,-0.106596,-0.081746,-0.081839,0.007669,0.277902,-0.024041,0.36845,0.033709
4.067593098,1782832703,0.1687907894,0.9014099615,1.070200751,0.172074,0.031843,-0.011552,-0.006125,0.031816,-0.107785,-0.077307,-0.082627,0.004101,0.279485,-0.029517,0.343887,0.034085
4.081679106,1782832703,0.1672264063,0.8821574712,1.049383877,0.171488,0.030657,-0.01149,-0.007045,0.031995,-0.107239,-0.074565,-0.081906,0.010811,0.276579,-0.025758,0.339683,0.033912
4.098469019,1782832703,0.1653604745,0.8636206872,1.028981162,0.170441,0.02853,-0.011313,-0.006283,0.032291,-0.11052,-0.069348,-0.08065,0.016147,0.274088,-0.032787,0.331786,0.034949
4.112866163,1782832703,0.1625126959,0.864220478,1.026733174,0.169291,0.02634,-0.011196,-0.004573,0.032647,-0.109423,-0.069348,-0.08065,0.016147,0.273922,-0.047399,0.332331,0.034602
4.12811017,1782832703,0.1612624319,0.8894494788,1.050711911,0.168505,0.025276,-0.011324,-0.006551,0.03332,-0.110717,-0.080073,-0.071409,0.009516,0.276888,-0.023382,0.347861,0.035012
4.14401722,1782832703,0.159983171,0.8753658861,1.035349057,0.167895,0.024322,-0.011133,-0.006948,0.033203,-0.110749,-0.085377,-0.067865,0.01815,0.272993,-0.017446,0.358585,0.035022
4.158685207,1782832703,0.1588686965,0.8948067072,1.053675404,0.167342,0.023266,-0.010988,-0.007987,0.033961,-0.111782,-0.083201,-0.064535,0.007119,0.27742,-0.008442,0.351948,0.035348
4.173105001,1782832703,0.1564702333,0.8969676804,1.053437914,0.166101,0.021278,-0.010747,-0.007961,0.033474,-0.112768,-0.083201,-0.064535,0.007119,0.277079,-0.013036,0.357489,0.03566
4.188226223,1782832703,0.155404799,0.884620921,1.04002572,0.165619,0.02035,-0.010679,-0.008328,0.032756,-0.113399,-0.066756,-0.069463,0.005821,0.277527,-0.021109,0.335674,0.03586
4.203211069,1782832703,0.1534910827,0.8968982895,1.050389372,0.164375,0.018586,-0.010629,-0.006689,0.034689,-0.115802,-0.064182,-0.0679,-0.002803,0.281079,-0.031802,0.323252,0.03662
4.217660189,1782832703,0.1528721838,0.8964785799,1.049350764,0.163886,0.017646,-0.010581,-0.006029,0.034848,-0.117282,-0.07249,-0.061425,0.000986,0.27942,-0.027034,0.337071,0.037088
4.232616186,1782832703,0.1517712404,0.8884701339,1.040241374,0.163022,0.0167,-0.010654,-0.01069,0.037288,-0.119048,-0.07249,-0.061425,0.000986,0.279523,-0.002668,0.325138,0.037646
4.246981144,1782832703,0.1504367166,0.8843660476,1.034802764,0.162373,0.015727,-0.01065,-0.010938,0.035778,-0.118365,-0.07789,-0.058573,0.00813,0.276516,0.001244,0.344024,0.03743
4.261816025,1782832703,0.1495258943,0.8714669088,1.020992803,0.162,0.014769,-0.01038,-0.008909,0.035805,-0.118548,-0.076436,-0.052083,0.012294,0.274386,-0.001782,0.342318,0.037488
4.276811123,1782832703,0.1481647222,0.8423190898,0.9904838119,0.160836,0.01315,-0.010488,-0.011303,0.037693,-0.121857,-0.065293,-0.054495,0.017828,0.272215,0.004243,0.315921,0.038535
4.290960073,1782832703,0.1467816031,0.8660153239,1.012796927,0.160286,0.012246,-0.01031,-0.006865,0.036274,-0.121217,-0.060879,-0.049155,0.007582,0.276267,-0.014237,0.317976,0.038332
4.306038141,1782832703,0.145577293,0.8621558813,1.007733174,0.159077,0.010562,-0.010158,-0.006698,0.037563,-0.125159,-0.060879,-0.049155,0.007582,0.276051,-0.018947,0.313351,0.039579
4.319186211,1782832703,0.1444811355,0.8810157503,1.025496886,0.158597,0.009798,-0.010011,-0.007472,0.037652,-0.12426,-0.067681,-0.043046,0.002053,0.278165,-0.006239,0.325077,0.039295
4.333591223,1782832704,0.1432108849,0.8770319866,1.020242872,0.157571,0.008069,-0.009746,-0.006081,0.038668,-0.126671,-0.067681,-0.043046,0.002053,0.277791,-0.018011,0.321597,0.040057
4.347882032,1782832704,0.1431499675,0.8796506837,1.022800651,0.157571,0.008069,-0.009746,-0.006081,0.038668,-0.126671,-0.065387,-0.039411,-0.000172,0.278726,-0.01205,0.317835,0.040057
4.363006115,1782832704,0.141924068,0.8810156901,1.022939758,0.156616,0.006648,-0.009574,-0.010378,0.038637,-0.128702,-0.056542,-0.042535,-0.004607,0.280344,0.004062,0.305639,0.040699
4.377006054,1782832704,0.1419284563,0.8820613728,1.023989829,0.156108,0.005914,-0.009648,-0.00807,0.038757,-0.131848,-0.056542,-0.042535,-0.004607,0.280449,-0.010689,0.306092,0.041694
4.390956163,1782832704,0.1409742354,0.8343450013,0.9753192367,0.155707,0.005108,-0.009541,-0.007168,0.040337,-0.13119,-0.047879,-0.042662,0.009954,0.274183,-0.017825,0.283801,0.041486
4.406171083,1782832704,0.1402988659,0.8455803485,0.9858792144,0.15461,0.003741,-0.009511,-0.007785,0.041025,-0.135329,-0.050283,-0.039268,0.005575,0.275979,-0.011809,0.286296,0.042795
4.41992712,1782832704,0.1398377854,0.8423672905,0.9822050759,0.154168,0.003142,-0.009266,-0.007853,0.040559,-0.136341,-0.060391,-0.030887,0.011288,0.273233,0.000981,0.306504,0.043115
4.434139013,1782832704,0.139569608,0.8508994327,0.9904690407,0.153722,0.002322,-0.00926,-0.010402,0.040033,-0.138168,-0.058299,-0.026034,0.007935,0.274634,0.021591,0.30706,0.043693
4.450071096,1782832704,0.1387900779,0.850852972,0.9896430499,0.153245,0.001623,-0.009122,-0.006631,0.039795,-0.13826,-0.058299,-0.026034,0.007935,0.274438,-0.001396,0.309479,0.043722
4.469255209,1782832704,0.138653864,0.8489488563,0.9876027203,0.152616,0.000211,-0.008851,-0.005528,0.038498,-0.14197,-0.049378,-0.027194,0.006406,0.274697,-0.012726,0.303623,0.044895
4.486271143,1782832704,0.1382102398,0.8436230905,0.9818333303,0.151772,-0.001065,-0.008807,-0.003758,0.038318,-0.145318,-0.032552,-0.032753,0.002836,0.276134,-0.034746,0.278934,0.045954
4.500681162,1782832704,0.1381569049,0.8649306939,1.003087599,0.151502,-0.001907,-0.008477,-0.002349,0.039239,-0.146851,-0.038204,-0.025998,-0.0063,0.279505,-0.033558,0.28358,0.046438
4.524264097,1782832704,0.138629451,0.8487065357,0.9873359868,0.150891,-0.003085,-0.008326,-0.00601,0.039254,-0.151626,-0.038404,-0.024355,0.000177,0.276571,-0.0127,0.285186,0.047948
4.540848017,1782832704,0.1380865229,0.8522708798,0.9903574027,0.150559,-0.003568,-0.008152,-0.00601,0.039254,-0.151626,-0.040913,-0.019522,-0.000797,0.276733,-0.005851,0.290045,0.047948
4.555014133,1782832704,0.1382485979,0.8502447371,0.988493335,0.14988,-0.004875,-0.008073,-0.006611,0.039985,-0.155359,-0.040913,-0.019522,-0.000797,0.276622,-0.005356,0.287411,0.049129
4.57902813,1782832704,0.1385029198,0.7981887912,0.936691711,0.149363,-0.00595,-0.007788,-0.00965,0.038699,-0.158902,-0.029315,-0.019326,0.01847,0.268127,0.009822,0.276851,0.050249
4.596509218,1782832704,0.1387569699,0.8165814491,0.955338419,0.14867,-0.006945,-0.007465,-0.00673,0.039255,-0.163016,-0.035577,-0.012234,0.011426,0.270629,0.002638,0.285511,0.05155
4.613781214,1782832704,0.1391231008,0.813485084,0.9526081848,0.148268,-0.008105,-0.007193,-0.010456,0.039896,-0.165886,-0.035577,-0.012234,0.011426,0.270245,0.021218,0.282771,0.052458
4.630541086,1782832704,0.1394524076,0.8330372356,0.9724896432,0.14817,-0.008707,-0.007052,-0.011371,0.03789,-0.167449,-0.032307,-0.007168,0.00426,0.273054,0.033379,0.289023,0.052952
4.645632029,1782832704,0.1395221628,0.8439698741,0.9834920369,0.147851,-0.009196,-0.00682,-0.008161,0.036369,-0.169294,-0.025702,-0.00604,-0.001988,0.275349,0.015895,0.287542,0.053536
4.659265041,1782832704,0.1400187716,0.8447783263,0.9847970979,0.147481,-0.009664,-0.006743,-0.007199,0.036068,-0.17229,-0.025702,-0.00604,-0.001988,0.275241,0.009382,0.290079,0.054483
4.672842026,1782832704,0.1399351011,0.8013979806,0.9413330818,0.147072,-0.010707,-0.006181,-0.009606,0.035056,-0.17394,-0.015821,-0.013562,0.012757,0.268254,0.008394,0.280535,0.055005
4.686483145,1782832704,0.1401048745,0.8110606784,0.9511655529,0.146942,-0.011153,-0.006018,-0.00973,0.033387,-0.174969,-0.02039,-0.008151,0.012465,0.268146,0.016973,0.297806,0.05533
4.699943066,1782832704,0.1405027275,0.8090154853,0.9495182128,0.146785,-0.011617,-0.005649,-0.01108,0.033327,-0.176843,-0.02039,-0.008151,0.012465,0.267625,0.02361,0.298495,0.055923
4.714018106,1782832704,0.1414773761,0.7937158188,0.9351931949,0.146308,-0.0124,-0.005127,-0.00782,0.031859,-0.18149,-0.023943,-0.004916,0.021615,0.263044,0.008639,0.313729,0.057392
4.727319002,1782832704,0.1416485064,0.8012438408,0.9428923472,0.145959,-0.012849,-0.004673,-0.005355,0.029309,-0.183417,-0.028268,0.003768,0.02329,0.261698,0.007874,0.336094,0.058002
4.740919113,1782832704,0.1417133289,0.7769139438,0.9186272726,0.145889,-0.01326,-0.004454,-0.009025,0.029726,-0.183685,-0.027061,0.004484,0.032787,0.257399,0.028981,0.3319,0.058086
4.754658222,1782832704,0.1419180962,0.7724546559,0.9143727521,0.145806,-0.013561,-0.00408,-0.012537,0.030633,-0.184598,-0.027061,0.004484,0.032787,0.256872,0.048259,0.326934,0.058375
4.768844128,1782832704,0.14174538,0.7868731685,0.9286185485,0.14559,-0.013806,-0.003777,-0.009838,0.029246,-0.185102,-0.028956,0.006204,0.028132,0.258397,0.035198,0.338405,0.058534
4.78315711,1782832704,0.1422319716,0.7926971601,0.9349291317,0.145111,-0.014606,-0.003172,-0.011367,0.030061,-0.188393,-0.021109,0.005672,0.018726,0.261492,0.041224,0.321975,0.059575
4.797629118,1782832704,0.1417939469,0.7934873417,0.9352812887,0.144905,-0.014933,-0.002967,-0.014046,0.029891,-0.187946,-0.021109,0.005672,0.018726,0.261202,0.055712,0.323398,0.059434
4.81283021,1782832704,0.1426934849,0.833485701,0.9761791859,0.144759,-0.015094,-0.00286,-0.012498,0.028334,-0.19095,-0.019619,0.013398,0.002575,0.267833,0.059227,0.330131,0.060384
4.826745033,1782832704,0.1423043985,0.8318250806,0.9741294791,0.144195,-0.015541,-0.002473,-0.014028,0.028486,-0.191978,-0.019619,0.013398,0.002575,0.267285,0.066923,0.330527,0.060709
4.8411901,1782832704,0.1424562496,0.8496937206,0.9921499702,0.143985,-0.015756,-0.002514,-0.01122,0.028631,-0.192962,-0.0271,0.016536,-0.00225,0.269371,0.055633,0.342444,0.06102
4.854848146,1782832704,0.1428525057,0.8505137244,0.9933662301,0.143771,-0.015954,-0.002475,-0.011625,0.028499,-0.194707,-0.0271,0.016536,-0.00225,0.269315,0.057496,0.343673,0.061572
4.868212223,1782832704,0.142890283,0.9084631103,1.051353393,0.143496,-0.01613,-0.002559,-0.007898,0.027357,-0.195567,-0.025745,0.019973,-0.026309,0.279539,0.041561,0.348555,0.061844
4.881902218,1782832704,0.143826783,0.9544350864,1.098261869,0.14343,-0.016499,-0.00266,-0.005581,0.026624,-0.197693,-0.024935,0.021118,-0.044729,0.287416,0.029455,0.351539,0.062516
4.895776033,1782832704,0.1442407921,0.9499046343,1.094145426,0.143073,-0.016843,-0.002973,-0.007175,0.028726,-0.199754,-0.024935,0.021118,-0.044729,0.287858,0.037737,0.340394,0.063168
4.908982992,1782832704,0.1443119506,0.9354768666,1.079788817,0.142754,-0.016942,-0.003336,-0.004465,0.027239,-0.201025,-0.031254,0.027172,-0.031928,0.282996,0.032053,0.359918,0.06357
4.92257905,1782832704,0.1446228955,0.9319133291,1.076536225,0.142305,-0.017162,-0.00397,-0.010775,0.030779,-0.203042,-0.022975,0.0253,-0.036366,0.285757,0.064337,0.327232,0.064208
4.937734127,1782832704,0.1447435993,0.9289988231,1.073742422,0.142129,-0.017386,-0.004411,-0.011929,0.0314,-0.203701,-0.026652,0.023452,-0.032692,0.284838,0.067365,0.330128,0.064416
4.952412128,1782832704,0.145192578,0.9312931628,1.076485741,0.141832,-0.017576,-0.004663,-0.012514,0.031574,-0.205629,-0.026652,0.023452,-0.032692,0.285194,0.070261,0.329806,0.065026
4.966438055,1782832704,0.1453782167,0.9334992331,1.07887745,0.141622,-0.017605,-0.005081,-0.009919,0.02923,-0.206575,-0.030091,0.031213,-0.02679,0.283306,0.068182,0.349228,0.065325
4.979620218,1782832704,0.1457933962,0.9158100915,1.061603488,0.141419,-0.017669,-0.005215,-0.009485,0.028506,-0.208305,-0.027217,0.031704,-0.018978,0.280215,0.066379,0.349085,0.065872
4.994493008,1782832704,0.146658858,0.8761191447,1.022778003,0.141024,-0.01767,-0.005395,-0.006811,0.027975,-0.211804,-0.021455,0.029224,-0.003848,0.274116,0.04712,0.343536,0.066978
